date	pruid	prname	prnameFR	numconf	numprob	numdeaths	numtotal	numtoday	numtested
16-03-2020	12	Nova Scotia	Nouvelle-Écosse	0	3	0	3	3	
17-03-2020	12	Nova Scotia	Nouvelle-Écosse	0	5	0	5	2	
18-03-2020	12	Nova Scotia	Nouvelle-Écosse	1	6	0	7	2	
19-03-2020	12	Nova Scotia	Nouvelle-Écosse	5	9	0	14	7	
20-03-2020	12	Nova Scotia	Nouvelle-Écosse	5	10	0	15	1	
21-03-2020	12	Nova Scotia	Nouvelle-Écosse	9	12	0	21	6	
22-03-2020	12	Nova Scotia	Nouvelle-Écosse	28	0	0	28	7	
23-03-2020	12	Nova Scotia	Nouvelle-Écosse	41	0	0	41	13	
24-03-2020	12	Nova Scotia	Nouvelle-Écosse	51	0	0	51	10	
25-03-2020	12	Nova Scotia	Nouvelle-Écosse	68	0	0	68	17	
26-03-2020	12	Nova Scotia	Nouvelle-Écosse	73	0	0	73	5	
27-03-2020	12	Nova Scotia	Nouvelle-Écosse	90	0	0	90	17	
28-03-2020	12	Nova Scotia	Nouvelle-Écosse	110	0	0	110	20	
29-03-2020	12	Nova Scotia	Nouvelle-Écosse	110	0	0	110	0	
