date	pruid	prname	prnameFR	numconf	numprob	numdeaths	numtotal	numtoday	numtested
31-01-2020	1	Canada	Canada	4	0	0	4	4	
08-02-2020	1	Canada	Canada	7	0	0	7	3	
16-02-2020	1	Canada	Canada	8	0	0	8	1	
21-02-2020	1	Canada	Canada	9	0	0	9	1	
24-02-2020	1	Canada	Canada	10	0	0	10	1	
25-02-2020	1	Canada	Canada	11	0	0	11	1	
26-02-2020	1	Canada	Canada	12	0	0	12	1	
27-02-2020	1	Canada	Canada	13	0	0	13	1	
29-02-2020	1	Canada	Canada	15	0	0	15	2	
01-03-2020	1	Canada	Canada	24	0	0	24	9	
03-03-2020	1	Canada	Canada	33	0	0	33	9	
05-03-2020	1	Canada	Canada	45	0	0	45	12	
06-03-2020	1	Canada	Canada	51	0	0	51	6	
07-03-2020	1	Canada	Canada	57	0	0	57	6	
08-03-2020	1	Canada	Canada	62	0	0	62	5	
09-03-2020	1	Canada	Canada	77	0	0	77	15	
11-03-2020	1	Canada	Canada	103	0	0	103	26	
12-03-2020	1	Canada	Canada	138	3	0	141	38	
13-03-2020	1	Canada	Canada	176	3	0	179	38	
14-03-2020	1	Canada	Canada	193	6	0	199	20	
15-03-2020	1	Canada	Canada	249	4	0	253	54	
16-03-2020	1	Canada	Canada	324	17	0	341	88	
17-03-2020	1	Canada	Canada	424	16	0	440	99	
18-03-2020	1	Canada	Canada	569	28	0	597	157	
19-03-2020	1	Canada	Canada	846	27	0	873	276	
20-03-2020	1	Canada	Canada	971	33	12	1004	131	
21-03-2020	1	Canada	Canada	1302	69	18	1371	367	
22-03-2020	1	Canada	Canada	1430	41	20	1471	100	
23-03-2020	1	Canada	Canada	1646	445	24	2091	620	
24-03-2020	1	Canada	Canada	1959	833	27	2792	701	
25-03-2020	1	Canada	Canada	3385	24	35	3409	617	
26-03-2020	1	Canada	Canada	4018	25	39	4043	634	
27-03-2020	1	Canada	Canada	4675	14	53	4689	646	
28-03-2020	1	Canada	Canada	5386	39	59	5425	736	
29-03-2020	1	Canada	Canada	6240	3	61	6243	818	
