date	pruid	prname	prnameFR	numconf	numprob	numdeaths	numtotal	numtoday	numtested
12-03-2020	46	Manitoba	Manitoba	0	1	0	1	1	
13-03-2020	46	Manitoba	Manitoba	1	2	0	3	2	
14-03-2020	46	Manitoba	Manitoba	1	3	0	4	1	
15-03-2020	46	Manitoba	Manitoba	4	0	0	4	0	
16-03-2020	46	Manitoba	Manitoba	4	3	0	7	3	
17-03-2020	46	Manitoba	Manitoba	7	0	0	7	0	
18-03-2020	46	Manitoba	Manitoba	8	7	0	15	8	
19-03-2020	46	Manitoba	Manitoba	17	0	0	17	2	
20-03-2020	46	Manitoba	Manitoba	17	0	0	17	0	
21-03-2020	46	Manitoba	Manitoba	11	8	0	19	2	
22-03-2020	46	Manitoba	Manitoba	11	8	0	19	0	
23-03-2020	46	Manitoba	Manitoba	11	9	0	20	1	
24-03-2020	46	Manitoba	Manitoba	11	10	0	21	1	
25-03-2020	46	Manitoba	Manitoba	11	24	0	35	14	
26-03-2020	46	Manitoba	Manitoba	11	25	0	36	1	
27-03-2020	46	Manitoba	Manitoba	25	14	1	39	3	
28-03-2020	46	Manitoba	Manitoba	25	39	1	64	25	
29-03-2020	46	Manitoba	Manitoba	61	3	1	64	0	
