date	pruid	prname	prnameFR	numconf	numprob	numdeaths	numtotal	numtoday	numtested
15-03-2020	10	Newfoundland and Labrador	Terre-Neuve-et-Labrador	0	1	0	1	1	
16-03-2020	10	Newfoundland and Labrador	Terre-Neuve-et-Labrador	0	1	0	1	0	
17-03-2020	10	Newfoundland and Labrador	Terre-Neuve-et-Labrador	0	1	0	1	0	
18-03-2020	10	Newfoundland and Labrador	Terre-Neuve-et-Labrador	0	3	0	3	2	
19-03-2020	10	Newfoundland and Labrador	Terre-Neuve-et-Labrador	1	2	0	3	0	
20-03-2020	10	Newfoundland and Labrador	Terre-Neuve-et-Labrador	3	1	0	4	1	
21-03-2020	10	Newfoundland and Labrador	Terre-Neuve-et-Labrador	3	3	0	6	2	
22-03-2020	10	Newfoundland and Labrador	Terre-Neuve-et-Labrador	3	6	0	9	3	
23-03-2020	10	Newfoundland and Labrador	Terre-Neuve-et-Labrador	4	20	0	24	15	
24-03-2020	10	Newfoundland and Labrador	Terre-Neuve-et-Labrador	4	31	0	35	11	
25-03-2020	10	Newfoundland and Labrador	Terre-Neuve-et-Labrador	67	0	0	67	32	
26-03-2020	10	Newfoundland and Labrador	Terre-Neuve-et-Labrador	82	0	0	82	15	
27-03-2020	10	Newfoundland and Labrador	Terre-Neuve-et-Labrador	102	0	0	102	20	
28-03-2020	10	Newfoundland and Labrador	Terre-Neuve-et-Labrador	120	0	0	120	18	
29-03-2020	10	Newfoundland and Labrador	Terre-Neuve-et-Labrador	135	0	0	135	15	
